    RPS        PS21           PS22           PS24
    3.1   -738.4170026   -738.3555550   -738.5548644
    3.2   -738.4383697   -738.3877984   -738.5826454
    3.3   -738.4511951   -738.4119648   -738.6016457
    3.4   -738.4573549   -738.4302487   -738.6137059
    3.5   -738.4594330   -738.4433361   -738.6206071
    3.6   -738.4579419   -738.4506943   -738.6228999
    3.7   -738.4552730   -738.4552724   -738.6218731
    3.8   -738.4587863   -738.4564181   -738.6184897
    3.9   -738.4635358   -738.4589287   -738.6133972
    4.0   -738.4663681   -738.4577847   -738.6067647
    4.2   -738.4715611   -738.4534779   -738.5921666
    4.4   -738.4692119   -738.4465837   -738.5746801
    4.6   -738.4658822   -738.4388991   -738.5573922
    4.8   -738.4625018   -738.4313854   -738.5413099
    5.0   -738.4604228   -738.4233764   -738.5269820
    5.3   -738.4599688   -738.4247709   -738.5091967
    5.6   -738.4619346   -738.4229584   -738.4962238
    5.9   -738.4644586   -738.4202641   -738.4872627
    6.2   -738.4666749   -738.4180766   -738.4812682
    6.6   -738.4687781   -738.4165116   -738.4763802
    7.0   -738.4700436   -738.4160314   -738.4736313
    8.0   -738.4711870   -738.4158896   -738.4708406
    9.0   -738.4712905   -738.4157665   -738.4700590
                                              
